# Monte Carlo summary for <z> dipole vs z (pixel shuffling)
# bcut  tag            z_mid   N_good   A_obs      A_par_obs   f_par_obs   p_A    p_|A_par|  p_|f_par|
10.0  z0p30_0p40     0.35       9  1.272e-02  3.000e-03  +0.236  0.470  0.775  0.828
10.0  z0p40_0p50     0.45      13  1.793e-02  -4.483e-03  -0.250  0.373  0.600  0.675
10.0  z0p50_0p60     0.55      23  7.409e-03  -2.171e-03  -0.293  0.672  0.719  0.718
10.0  z0p60_0p70     0.65      27  1.228e-02  1.287e-03  +0.105  0.324  0.838  0.886
10.0  z0p70_0p80     0.75      55  5.943e-03  9.496e-04  +0.160  0.449  0.780  0.817
10.0  z0p80_0p90     0.85      80  5.220e-03  -4.643e-03  -0.889  0.365  0.088  0.101
10.0  z0p90_1p00     0.95     149  3.042e-03  2.698e-04  +0.089  0.478  0.871  0.892
10.0  z1p00_1p10     1.05     124  1.808e-03  8.075e-04  +0.447  0.893  0.719  0.508
10.0  z1p10_1p20     1.15     186  3.064e-03  -8.716e-04  -0.284  0.462  0.623  0.674
10.0  z1p20_1p30     1.25     160  5.144e-03  3.609e-03  +0.702  0.104  0.082  0.293
10.0  z1p30_1p40     1.35     251  3.523e-03  2.734e-03  +0.776  0.216  0.092  0.187
10.0  z1p40_1p50     1.45     307  3.227e-03  -3.040e-03  -0.942  0.221  0.036  0.050
10.0  z1p50_1p60     1.55     217  1.960e-03  1.232e-03  +0.629  0.685  0.441  0.336
10.0  z1p60_1p70     1.65     173  2.665e-03  1.115e-03  +0.419  0.619  0.548  0.540
10.0  z1p70_1p80     1.75     123  6.589e-03  7.640e-05  +0.012  0.064  0.970  0.982
10.0  z1p80_1p90     1.85     110  4.647e-03  -2.674e-03  -0.576  0.415  0.270  0.370
10.0  z1p90_2p00     1.95      61  6.128e-03  -4.621e-04  -0.075  0.259  0.868  0.916
10.0  z2p00_2p10     2.05      36  9.394e-03  -4.914e-03  -0.523  0.314  0.305  0.457
10.0  z2p10_2p20     2.15      18  1.724e-02  -4.419e-03  -0.256  0.341  0.585  0.707
10.0  z2p20_2p30     2.25      17  5.323e-03  -5.977e-04  -0.112  0.931  0.932  0.852
10.0  z2p30_2p40     2.35      24  9.836e-03  -3.061e-03  -0.311  0.307  0.516  0.647
10.0  z2p40_2p50     2.45      17  1.302e-02  -1.031e-02  -0.792  0.338  0.082  0.154
15.0  z0p30_0p40     0.35       9  1.272e-02  3.000e-03  +0.236  0.455  0.748  0.812
15.0  z0p40_0p50     0.45      13  1.793e-02  -4.483e-03  -0.250  0.382  0.607  0.694
15.0  z0p50_0p60     0.55      23  7.409e-03  -2.171e-03  -0.293  0.697  0.711  0.708
15.0  z0p60_0p70     0.65      26  1.238e-02  2.076e-03  +0.168  0.330  0.744  0.819
15.0  z0p70_0p80     0.75      53  6.896e-03  2.956e-04  +0.043  0.370  0.927  0.949
15.0  z0p80_0p90     0.85      79  4.950e-03  -4.284e-03  -0.865  0.434  0.136  0.111
15.0  z0p90_1p00     0.95     147  3.218e-03  1.459e-05  +0.005  0.458  0.995  0.997
15.0  z1p00_1p10     1.05     124  1.808e-03  8.075e-04  +0.447  0.892  0.701  0.497
15.0  z1p10_1p20     1.15     182  3.068e-03  -9.426e-04  -0.307  0.463  0.627  0.688
15.0  z1p20_1p30     1.25     159  5.042e-03  3.556e-03  +0.705  0.132  0.075  0.281
15.0  z1p30_1p40     1.35     246  3.722e-03  3.011e-03  +0.809  0.205  0.068  0.176
15.0  z1p40_1p50     1.45     301  3.409e-03  -3.193e-03  -0.937  0.172  0.029  0.052
15.0  z1p50_1p60     1.55     216  2.170e-03  1.373e-03  +0.632  0.640  0.364  0.294
15.0  z1p60_1p70     1.65     170  2.415e-03  1.107e-03  +0.458  0.688  0.546  0.493
15.0  z1p70_1p80     1.75     122  6.545e-03  8.167e-04  +0.125  0.068  0.715  0.871
15.0  z1p80_1p90     1.85     108  5.810e-03  -3.435e-03  -0.591  0.240  0.171  0.344
15.0  z1p90_2p00     1.95      61  6.128e-03  -4.621e-04  -0.075  0.230  0.860  0.913
15.0  z2p00_2p10     2.05      36  9.394e-03  -4.914e-03  -0.523  0.319  0.303  0.445
15.0  z2p10_2p20     2.15      18  1.724e-02  -4.419e-03  -0.256  0.332  0.590  0.698
15.0  z2p20_2p30     2.25      17  5.323e-03  -5.977e-04  -0.112  0.925  0.920  0.831
15.0  z2p30_2p40     2.35      22  9.457e-03  -3.063e-03  -0.324  0.417  0.547  0.631
15.0  z2p40_2p50     2.45      17  1.302e-02  -1.031e-02  -0.792  0.332  0.080  0.154
20.0  z0p30_0p40     0.35       9  1.272e-02  3.000e-03  +0.236  0.474  0.751  0.821
20.0  z0p40_0p50     0.45      13  1.793e-02  -4.483e-03  -0.250  0.370  0.589  0.668
20.0  z0p50_0p60     0.55      22  7.266e-03  -1.897e-03  -0.261  0.756  0.794  0.761
20.0  z0p60_0p70     0.65      25  1.261e-02  2.560e-03  +0.203  0.352  0.692  0.780
20.0  z0p70_0p80     0.75      51  5.485e-03  5.809e-04  +0.106  0.573  0.873  0.879
20.0  z0p80_0p90     0.85      76  5.051e-03  -3.414e-03  -0.676  0.439  0.267  0.320
20.0  z0p90_1p00     0.95     142  3.006e-03  6.877e-04  +0.229  0.549  0.706  0.738
20.0  z1p00_1p10     1.05     118  2.901e-03  1.792e-03  +0.618  0.688  0.444  0.346
20.0  z1p10_1p20     1.15     178  3.298e-03  -4.007e-04  -0.121  0.439  0.827  0.868
20.0  z1p20_1p30     1.25     152  5.610e-03  3.931e-03  +0.701  0.089  0.066  0.288
20.0  z1p30_1p40     1.35     240  3.835e-03  2.942e-03  +0.767  0.195  0.087  0.203
20.0  z1p40_1p50     1.45     292  3.553e-03  -3.293e-03  -0.927  0.178  0.036  0.070
20.0  z1p50_1p60     1.55     206  2.709e-03  1.721e-03  +0.635  0.506  0.308  0.312
20.0  z1p60_1p70     1.65     167  2.550e-03  1.145e-03  +0.449  0.662  0.563  0.515
20.0  z1p70_1p80     1.75     118  7.098e-03  4.781e-04  +0.067  0.056  0.827  0.920
20.0  z1p80_1p90     1.85     103  5.341e-03  -3.136e-03  -0.587  0.332  0.224  0.360
20.0  z1p90_2p00     1.95      58  4.050e-03  6.894e-04  +0.170  0.621  0.809  0.821
20.0  z2p00_2p10     2.05      35  8.732e-03  -5.543e-03  -0.635  0.395  0.260  0.341
20.0  z2p10_2p20     2.15      17  1.816e-02  -4.813e-03  -0.265  0.357  0.572  0.674
20.0  z2p20_2p30     2.25      17  5.323e-03  -5.977e-04  -0.112  0.926  0.933  0.849
20.0  z2p30_2p40     2.35      21  7.922e-03  -9.559e-04  -0.121  0.581  0.862  0.873
20.0  z2p40_2p50     2.45      16  7.409e-03  -6.088e-03  -0.822  0.745  0.342  0.156
25.0  z0p30_0p40     0.35       8  1.194e-02  1.378e-03  +0.115  0.567  0.889  0.916
25.0  z0p40_0p50     0.45      12  1.784e-02  -4.436e-03  -0.249  0.471  0.626  0.662
25.0  z0p50_0p60     0.55      21  5.957e-03  1.447e-03  +0.243  0.881  0.858  0.826
25.0  z0p60_0p70     0.65      23  1.032e-02  1.733e-03  +0.168  0.633  0.814  0.803
25.0  z0p70_0p80     0.75      45  5.683e-03  1.392e-03  +0.245  0.655  0.748  0.729
25.0  z0p80_0p90     0.85      73  4.978e-03  -3.415e-03  -0.686  0.489  0.289  0.324
25.0  z0p90_1p00     0.95     134  3.014e-03  6.730e-04  +0.223  0.569  0.735  0.765
25.0  z1p00_1p10     1.05     112  2.774e-03  1.518e-03  +0.547  0.750  0.559  0.456
25.0  z1p10_1p20     1.15     169  3.624e-03  -4.265e-04  -0.118  0.387  0.825  0.873
25.0  z1p20_1p30     1.25     142  4.522e-03  2.321e-03  +0.513  0.252  0.323  0.512
25.0  z1p30_1p40     1.35     223  3.048e-03  2.575e-03  +0.845  0.414  0.141  0.133
25.0  z1p40_1p50     1.45     277  3.463e-03  -3.096e-03  -0.894  0.226  0.058  0.100
25.0  z1p50_1p60     1.55     197  2.068e-03  1.358e-03  +0.657  0.727  0.444  0.290
25.0  z1p60_1p70     1.65     157  2.649e-03  1.446e-03  +0.546  0.690  0.495  0.400
25.0  z1p70_1p80     1.75     107  5.229e-03  1.897e-03  +0.363  0.274  0.433  0.606
25.0  z1p80_1p90     1.85      95  3.908e-03  -1.745e-03  -0.446  0.655  0.524  0.495
25.0  z1p90_2p00     1.95      53  4.343e-03  1.732e-04  +0.040  0.592  0.955  0.958
25.0  z2p00_2p10     2.05      35  8.732e-03  -5.543e-03  -0.635  0.391  0.239  0.311
25.0  z2p10_2p20     2.15      16  1.811e-02  7.228e-04  +0.040  0.373  0.932  0.956
25.0  z2p20_2p30     2.25      17  5.323e-03  -5.977e-04  -0.112  0.932  0.920  0.839
25.0  z2p30_2p40     2.35      18  6.087e-03  4.674e-03  +0.768  0.828  0.490  0.208
25.0  z2p40_2p50     2.45      16  7.409e-03  -6.088e-03  -0.822  0.746  0.338  0.141
30.0  z0p30_0p40     0.35       6  7.850e-03  -5.168e-03  -0.658  0.775  0.547  0.448
30.0  z0p40_0p50     0.45      10  2.509e-02  -6.916e-03  -0.276  0.343  0.587  0.683
30.0  z0p50_0p60     0.55      21  5.957e-03  1.447e-03  +0.243  0.887  0.865  0.817
30.0  z0p60_0p70     0.65      21  8.887e-03  5.602e-03  +0.630  0.807  0.530  0.329
30.0  z0p70_0p80     0.75      40  4.411e-03  1.398e-03  +0.317  0.831  0.775  0.678
30.0  z0p80_0p90     0.85      65  5.691e-03  -4.442e-03  -0.780  0.436  0.193  0.212
30.0  z0p90_1p00     0.95     130  2.959e-03  1.666e-03  +0.563  0.592  0.446  0.411
30.0  z1p00_1p10     1.05     101  4.376e-03  3.192e-03  +0.729  0.518  0.262  0.241
30.0  z1p10_1p20     1.15     154  3.595e-03  -2.170e-04  -0.060  0.429  0.910  0.935
30.0  z1p20_1p30     1.25     131  6.316e-03  1.422e-03  +0.225  0.084  0.574  0.795
30.0  z1p30_1p40     1.35     206  4.799e-03  3.638e-03  +0.758  0.128  0.070  0.238
30.0  z1p40_1p50     1.45     248  2.226e-03  -1.877e-03  -0.843  0.662  0.298  0.151
30.0  z1p50_1p60     1.55     184  1.953e-03  1.266e-03  +0.648  0.786  0.507  0.314
30.0  z1p60_1p70     1.65     143  2.709e-03  2.346e-03  +0.866  0.733  0.299  0.090
30.0  z1p70_1p80     1.75     100  3.538e-03  -2.107e-05  -0.006  0.631  0.992  0.992
30.0  z1p80_1p90     1.85      92  4.242e-03  -1.516e-03  -0.357  0.605  0.596  0.605
30.0  z1p90_2p00     1.95      50  3.613e-03  3.237e-04  +0.090  0.763  0.925  0.906
30.0  z2p00_2p10     2.05      34  1.140e-02  -8.465e-03  -0.742  0.175  0.091  0.244
30.0  z2p10_2p20     2.15      15  1.810e-02  8.772e-04  +0.048  0.473  0.934  0.950
30.0  z2p20_2p30     2.25      15  8.419e-03  -2.581e-03  -0.307  0.835  0.732  0.598
30.0  z2p30_2p40     2.35      17  7.561e-03  -1.016e-03  -0.134  0.731  0.904  0.898
30.0  z2p40_2p50     2.45      15  9.754e-03  -7.658e-03  -0.785  0.610  0.261  0.151
35.0  z0p30_0p40     0.35       5  1.648e-02  -1.195e-02  -0.725  0.518  0.456  0.505
35.0  z0p40_0p50     0.45      10  2.509e-02  -6.916e-03  -0.276  0.343  0.603  0.711
35.0  z0p50_0p60     0.55      20  5.940e-03  1.429e-03  +0.241  0.899  0.889  0.830
35.0  z0p60_0p70     0.65      21  8.887e-03  5.602e-03  +0.630  0.784  0.526  0.362
35.0  z0p70_0p80     0.75      37  4.157e-03  2.800e-03  +0.674  0.906  0.609  0.298
35.0  z0p80_0p90     0.85      59  5.265e-03  -3.885e-03  -0.738  0.603  0.321  0.262
35.0  z0p90_1p00     0.95     121  4.107e-03  3.517e-03  +0.856  0.390  0.116  0.108
35.0  z1p00_1p10     1.05      95  4.303e-03  3.792e-03  +0.881  0.589  0.212  0.095
35.0  z1p10_1p20     1.15     137  4.191e-03  5.838e-04  +0.139  0.399  0.795  0.854
35.0  z1p20_1p30     1.25     119  5.489e-03  3.480e-04  +0.063  0.227  0.904  0.946
35.0  z1p30_1p40     1.35     187  7.155e-03  6.103e-03  +0.853  0.021  0.004  0.113
35.0  z1p40_1p50     1.45     218  2.917e-03  -1.495e-03  -0.512  0.530  0.459  0.475
35.0  z1p50_1p60     1.55     166  1.410e-03  9.441e-04  +0.669  0.925  0.624  0.264
35.0  z1p60_1p70     1.65     132  1.516e-03  6.245e-04  +0.412  0.949  0.800  0.558
35.0  z1p70_1p80     1.75      88  4.196e-03  3.021e-03  +0.720  0.595  0.315  0.227
35.0  z1p80_1p90     1.85      83  2.158e-03  1.298e-03  +0.601  0.931  0.709  0.364
35.0  z1p90_2p00     1.95      46  3.442e-03  -1.264e-04  -0.037  0.829  0.975  0.965
35.0  z2p00_2p10     2.05      32  1.221e-02  -1.031e-02  -0.845  0.129  0.035  0.117
35.0  z2p10_2p20     2.15      15  1.810e-02  8.772e-04  +0.048  0.458  0.940  0.959
35.0  z2p20_2p30     2.25      14  1.042e-02  -1.214e-03  -0.117  0.789  0.885  0.848
35.0  z2p30_2p40     2.35      17  7.561e-03  -1.016e-03  -0.134  0.744  0.898  0.897
35.0  z2p40_2p50     2.45      13  1.004e-02  -3.484e-03  -0.347  0.745  0.658  0.577
