# tag  region  N_use  amp_full  amp_jk  d_amp_frac  l_full  b_full  l_jk  b_jk  sep_full  sep_cmb_full  sep_cmb_jk
full          leave_N_hemisphere   14252  4.441e-03  1.620e-02  2.647  182.20  -18.77  41.46  28.39  142.93  98.56  94.61
full          leave_S_hemisphere   16049  4.441e-03  2.097e-02  3.721  182.20  -18.77  202.79  5.36  31.53  98.56  67.03
full          leave_Q1_0-90      21301  4.441e-03  1.021e-02  1.298  182.20  -18.77  195.43  49.58  69.35  98.56  43.59
full          leave_Q2_90-180    23134  4.441e-03  8.496e-03  0.913  182.20  -18.77  154.41  -34.82  29.38  98.56  127.48
full          leave_Q3_180-270   22260  4.441e-03  8.660e-03  0.950  182.20  -18.77  129.27  -65.96  58.24  98.56  150.52
full          leave_Q4_270-360   24208  4.441e-03  5.375e-03  0.210  182.20  -18.77  247.59  -3.02  65.76  98.56  53.00
z0p10_0p30    leave_N_hemisphere      99  8.611e-03  1.326e-02  0.541  320.45  50.79  355.76  58.94  21.58  35.95  51.24
z0p10_0p30    leave_S_hemisphere      99  8.611e-03  1.619e-02  0.880  320.45  50.79  283.53  -67.86  121.81  35.95  116.78
z0p10_0p30    leave_Q1_0-90        131  8.611e-03  1.079e-02  0.253  320.45  50.79  282.47  56.96  22.90  35.95  14.30
z0p10_0p30    leave_Q2_90-180      144  8.611e-03  8.958e-03  0.040  320.45  50.79  316.51  50.64  2.50  35.95  33.61
z0p10_0p30    leave_Q3_180-270     155  8.611e-03  8.667e-03  0.006  320.45  50.79  341.20  50.77  13.08  35.95  47.98
z0p10_0p30    leave_Q4_270-360     164  8.611e-03  7.769e-03  -0.098  320.45  50.79  317.40  36.96  14.00  35.95  40.04
z0p30_0p50    leave_N_hemisphere    1395  2.052e-03  5.122e-03  1.497  79.23  -8.24  66.66  42.06  51.60  140.03  88.65
z0p30_0p50    leave_S_hemisphere    1676  2.052e-03  1.479e-03  -0.279  79.23  -8.24  134.14  -38.40  57.66  140.03  142.91
z0p30_0p50    leave_Q1_0-90       2247  2.052e-03  2.486e-03  0.212  79.23  -8.24  79.78  3.97  12.22  140.03  127.90
z0p30_0p50    leave_Q2_90-180     2324  2.052e-03  1.908e-03  -0.070  79.23  -8.24  70.87  -19.38  13.78  140.03  149.46
z0p30_0p50    leave_Q3_180-270    2140  2.052e-03  6.314e-04  -0.692  79.23  -8.24  58.92  19.77  34.42  140.03  108.60
z0p30_0p50    leave_Q4_270-360    2502  2.052e-03  2.581e-03  0.258  79.23  -8.24  94.43  -17.70  17.56  140.03  148.52
z0p50_0p75    leave_N_hemisphere    3615  1.516e-03  4.125e-03  1.722  178.48  -28.20  222.60  70.19  103.31  107.76  29.63
z0p50_0p75    leave_S_hemisphere    3756  1.516e-03  4.815e-03  2.177  178.48  -28.20  154.56  -69.18  43.28  107.76  140.70
z0p50_0p75    leave_Q1_0-90       5205  1.516e-03  1.589e-03  0.048  178.48  -28.20  133.39  -25.56  40.08  107.76  135.52
z0p50_0p75    leave_Q2_90-180     5634  1.516e-03  1.978e-03  0.305  178.48  -28.20  262.57  -36.81  69.16  107.76  84.81
z0p50_0p75    leave_Q3_180-270    5297  1.516e-03  2.307e-03  0.522  178.48  -28.20  209.13  -8.07  35.21  107.76  73.92
z0p50_0p75    leave_Q4_270-360    5977  1.516e-03  2.271e-03  0.498  178.48  -28.20  159.39  -23.53  17.78  107.76  116.84
z0p75_1p00    leave_N_hemisphere    5731  1.608e-03  8.457e-04  -0.474  213.30  -45.39  266.99  48.03  104.55  103.38  2.00
z0p75_1p00    leave_S_hemisphere    6378  1.608e-03  2.320e-03  0.443  213.30  -45.39  202.05  17.96  64.17  103.38  58.10
z0p75_1p00    leave_Q1_0-90       8691  1.608e-03  7.370e-04  -0.542  213.30  -45.39  176.18  -57.44  25.66  103.38  127.78
z0p75_1p00    leave_Q2_90-180     9101  1.608e-03  1.206e-03  -0.250  213.30  -45.39  212.52  -33.60  11.80  103.38  93.68
z0p75_1p00    leave_Q3_180-270    8758  1.608e-03  2.369e-03  0.474  213.30  -45.39  225.20  -50.03  9.24  103.38  103.57
z0p75_1p00    leave_Q4_270-360    9777  1.608e-03  2.056e-03  0.279  213.30  -45.39  190.65  -43.76  16.16  103.38  112.06
z1p00_1p50    leave_N_hemisphere   12565  1.634e-03  2.274e-03  0.391  36.48  12.21  88.51  3.62  52.16  106.52  128.23
z1p00_1p50    leave_S_hemisphere   13964  1.634e-03  2.539e-03  0.554  36.48  12.21  358.46  -4.58  41.36  106.52  96.38
z1p00_1p50    leave_Q1_0-90      18923  1.634e-03  1.019e-03  -0.376  36.48  12.21  278.89  25.98  108.31  106.52  24.92
z1p00_1p50    leave_Q2_90-180    20126  1.634e-03  2.491e-03  0.525  36.48  12.21  76.29  21.79  39.14  106.52  109.87
z1p00_1p50    leave_Q3_180-270   19261  1.634e-03  2.922e-03  0.788  36.48  12.21  46.73  10.34  10.23  106.52  112.99
z1p00_1p50    leave_Q4_270-360   21277  1.634e-03  2.004e-03  0.227  36.48  12.21  7.95  -6.30  33.88  106.52  103.99
z1p50_2p50    leave_N_hemisphere   13772  2.414e-03  4.672e-03  0.935  96.28  -17.89  90.20  18.13  36.51  148.27  113.64
z1p50_2p50    leave_S_hemisphere   15279  2.414e-03  9.011e-04  -0.627  96.28  -17.89  146.39  35.42  71.38  148.27  79.74
z1p50_2p50    leave_Q1_0-90      20603  2.414e-03  1.870e-03  -0.225  96.28  -17.89  129.71  12.72  45.00  148.27  106.99
z1p50_2p50    leave_Q2_90-180    22137  2.414e-03  4.259e-03  0.764  96.28  -17.89  104.07  0.70  20.11  148.27  128.27
z1p50_2p50    leave_Q3_180-270   21215  2.414e-03  2.948e-03  0.221  96.28  -17.89  80.06  -30.75  19.54  148.27  162.49
z1p50_2p50    leave_Q4_270-360   23198  2.414e-03  2.029e-03  -0.159  96.28  -17.89  87.64  -46.91  29.88  148.27  177.31
